========================================================================================================================
          OBSERVATION TABLE REPORT
          Rows: 14 (Upper I: 6 | Lower Ext: 8)
          Cols: 28 (P: 7 * S: 4)
========================================================================================================================
Row            |  (ε,ε)   |  (ε,b)   |  (ε,ab)  | (ε,aab)  |  (a,ε)   |  (a,b)   |  (a,ab)  | (a,aab)  |  (b,ε)   |  (b,b)   |  (b,ab)  | (b,aab)  |  (aa,ε)  |  (aa,b)  | (aa,ab)  | (aa,aab) |  (ab,ε)  |  (ab,b)  | (ab,ab)  | (ab,aab) |  (ba,ε)  |  (ba,b)  | (ba,ab)  | (ba,aab) |  (bb,ε)  |  (bb,b)  | (bb,ab)  | (bb,aab) |
====================================================================================================================================================================================================================================================================================================================================
      ε        |    1     |    0     |    1     |    0     |    0     |    1     |    0     |    0     |    0     |    0     |    0     |    0     |    0     |    0     |    0     |    0     |    1     |    0     |    1     |    0     |    0     |    0     |    0     |    0     |    0     |    0     |    0     |    0     |
      a        |    0     |    1     |    0     |    0     |    0     |    0     |    0     |    0     |    0     |    0     |    0     |    0     |    0     |    0     |    0     |    0     |    0     |    1     |    0     |    0     |    0     |    0     |    0     |    0     |    0     |    0     |    0     |    0     |
      b        |    0     |    0     |    0     |    0     |    1     |    0     |    1     |    0     |    0     |    0     |    0     |    0     |    0     |    0     |    0     |    0     |    0     |    0     |    0     |    0     |    0     |    0     |    0     |    0     |    0     |    0     |    0     |    0     |
      aa       |    0     |    0     |    0     |    0     |    0     |    0     |    0     |    0     |    0     |    0     |    0     |    0     |    0     |    0     |    0     |    0     |    0     |    0     |    0     |    0     |    0     |    0     |    0     |    0     |    0     |    0     |    0     |    0     |
      ab       |    1     |    0     |    1     |    0     |    0     |    0     |    0     |    0     |    0     |    0     |    0     |    0     |    0     |    0     |    0     |    0     |    1     |    0     |    1     |    0     |    0     |    0     |    0     |    0     |    0     |    0     |    0     |    0     |
      ba       |    0     |    0     |    0     |    0     |    0     |    1     |    0     |    0     |    0     |    0     |    0     |    0     |    0     |    0     |    0     |    0     |    0     |    0     |    0     |    0     |    0     |    0     |    0     |    0     |    0     |    0     |    0     |    0     |
------------------------------------------------------------------------------------------------------------------------------------------------------------------------------------------------------------------------------------------------------------------------------------------------------------------------------------
      bb       |    0     |    0     |    0     |    0     |    0     |    0     |    0     |    0     |    0     |    0     |    0     |    0     |    0     |    0     |    0     |    0     |    0     |    0     |    0     |    0     |    0     |    0     |    0     |    0     |    0     |    0     |    0     |    0     |
     aaa       |    0     |    0     |    0     |    0     |    0     |    0     |    0     |    0     |    0     |    0     |    0     |    0     |    0     |    0     |    0     |    0     |    0     |    0     |    0     |    0     |    0     |    0     |    0     |    0     |    0     |    0     |    0     |    0     |
     aab       |    0     |    0     |    0     |    0     |    0     |    0     |    0     |    0     |    0     |    0     |    0     |    0     |    0     |    0     |    0     |    0     |    0     |    0     |    0     |    0     |    0     |    0     |    0     |    0     |    0     |    0     |    0     |    0     |
     aba       |    0     |    1     |    0     |    0     |    0     |    0     |    0     |    0     |    0     |    0     |    0     |    0     |    0     |    0     |    0     |    0     |    0     |    1     |    0     |    0     |    0     |    0     |    0     |    0     |    0     |    0     |    0     |    0     |
     abb       |    0     |    0     |    0     |    0     |    0     |    0     |    0     |    0     |    0     |    0     |    0     |    0     |    0     |    0     |    0     |    0     |    0     |    0     |    0     |    0     |    0     |    0     |    0     |    0     |    0     |    0     |    0     |    0     |
     baa       |    0     |    0     |    0     |    0     |    0     |    0     |    0     |    0     |    0     |    0     |    0     |    0     |    0     |    0     |    0     |    0     |    0     |    0     |    0     |    0     |    0     |    0     |    0     |    0     |    0     |    0     |    0     |    0     |
     bab       |    0     |    0     |    0     |    0     |    1     |    0     |    1     |    0     |    0     |    0     |    0     |    0     |    0     |    0     |    0     |    0     |    0     |    0     |    0     |    0     |    0     |    0     |    0     |    0     |    0     |    0     |    0     |    0     |
     bba       |    0     |    0     |    0     |    0     |    0     |    0     |    0     |    0     |    0     |    0     |    0     |    0     |    0     |    0     |    0     |    0     |    0     |    0     |    0     |    0     |    0     |    0     |    0     |    0     |    0     |    0     |    0     |    0     |
====================================================================================================================================================================================================================================================================================================================================
